4294967278,349
4294967278,532
709,7
709,6
709,5
709,4
709,3
709,2
709,1
709,0
708,6
708,5
708,4
708,3
708,2
708,1
708,0
4294967279,284
707,5
707,4
707,3
707,2
707,1
707,0
706,4
706,3
706,2
706,1
706,0
4294967279,435
705,7
4294967278,345
705,6
705,5
705,4
705,3
705,2
705,1
705,0
4294967279,433
704,5
704,4
704,3
704,2
704,1
704,0
703,6
703,5
703,4
703,3
703,2
703,1
703,0
702,4
702,3
702,2
702,1
702,0
4294967279,432
4294967279,429
4294967278,331
4294967279,428
4294967279,427
4294967279,425
4294967293,131
4294967293,130
4294967293,129
4294967293,128
4294967293,127
4294967293,126
4294967293,125
4294967293,124
4294967293,123
4294967293,122
4294967293,121
4294967293,120
4294967293,119
4294967293,118
4294967293,117
4294967293,116
4294967293,115
4294967293,114
4294967293,113
4294967293,112
4294967293,111
4294967293,110
4294967293,109
4294967293,108
4294967293,107
4294967293,106
4294967293,105
4294967293,104
4294967293,103
4294967293,102
4294967293,101
4294967293,100
4294967293,99
4294967293,98
4294967293,97
4294967293,96
4294967293,95
4294967293,94
4294967293,93
4294967293,92
4294967293,91
4294967293,90
4294967293,89
4294967293,88
4294967293,87
4294967293,86
4294967293,85
4294967293,84
4294967293,83
4294967293,82
4294967293,81
4294967293,80
4294967293,79
4294967293,78
4294967293,77
4294967293,76
4294967293,75
4294967293,74
4294967293,73
4294967293,72
4294967293,71
4294967293,70
4294967293,69
4294967293,68
4294967293,67
4294967293,66
4294967293,65
4294967293,64
4294967293,63
4294967293,62
4294967293,61
4294967293,60
4294967293,59
4294967293,58
4294967293,57
4294967293,56
4294967293,55
4294967293,54
4294967293,53
4294967293,52
4294967293,51
4294967293,50
4294967293,49
4294967293,48
4294967293,47
4294967293,46
4294967293,45
4294967293,44
4294967293,43
4294967293,42
4294967293,41
4294967293,40
4294967293,39
4294967293,38
4294967293,37
4294967293,36
4294967293,35
4294967293,34
4294967293,33
4294967293,32
4294967293,31
4294967293,30
4294967293,29
4294967293,28
4294967293,27
4294967293,26
4294967293,25
4294967293,24
4294967293,23
4294967293,22
4294967293,21
4294967293,20
4294967293,19
4294967293,18
4294967293,17
4294967293,16
4294967293,15
4294967293,14
4294967293,13
4294967293,12
4294967293,11
4294967293,10
4294967293,9
4294967293,8
4294967293,7
4294967293,6
4294967293,5
4294967293,4
4294967293,3
4294967293,2
4294501266,0
4294501265,0
4294501264,0
4294501263,0
4294501262,0
4294501261,0
4294501260,0
4294501259,0
4294501258,0
4294501257,0
4294967293,0
4294967278,163
4294967278,50
4294967278,209
4294967278,162
4294967278,49
4294967278,363
4294967278,161
4294967278,48
4294967278,281
4294967278,160
4294967278,47
4294967278,159
4294967278,46
4294967278,243
4294967278,158
4294967278,45
4294967278,157
4294967278,44
4294967278,289
4294967278,156
4294967278,43
4294967278,155
4294967278,372
4294967278,42
4294967278,301
4294967278,153
4294967278,41
4294967278,152
4294967278,40
4294967278,567
4294967278,151
4294967278,39
4294967278,375
4294967278,150
4294967278,38
4294967278,297
4294967278,149
4294967278,37
4294967278,317
4294967278,148
4294967278,36
4294967278,279
4294967278,147
4294967278,35
4294967278,549
4294967278,146
4294967278,34
4294967278,325
4294967278,145
4294967278,33
4294967278,288
4294967278,144
4294967278,32
4294967278,523
4294967278,143
4294967278,31
4294967278,323
4294967278,142
4294967278,30
4294967278,141
4294967278,29
4294967278,238
4294967278,140
4294967278,28
4294967278,235
4294967278,139
4294967278,27
4294967278,138
4294967278,26
4294967278,272
4294967278,287
4294967278,25
4294967278,320
4294967278,136
4294967278,24
4294967278,574
4294967278,135
4294967278,23
4294967278,551
4294967278,134
4294967278,22
4294967278,229
4294967278,133
4294967278,21
4294967278,304
4294967278,271
4294967278,20
4294967278,562
4294967278,280
4294967278,19
4294967278,521
4294967278,269
4294967278,18
4294967278,573
4294967278,268
4294967278,17
4294967278,154
4294967278,267
4294967278,16
4294967278,566
4294967278,266
4294967278,15
4294967278,309
4294967278,265
4294967278,14
4294967278,286
4294967278,264
4294967278,13
4294967278,322
4294967278,263
4294967278,12
